0.500000
0.500000
0.562500
0.500000
0.500000
0.500000
0.562500
0.562500
0.500000
0.500000
0.500000
0.500000
0.500000
0.500000
0.500000
0.500000
0.500000
0.500000
0.500000
0.500000
0.500000
0.562500
0.500000
0.500000
0.500000
0.562500
0.500000
0.562500
0.500000
0.500000
0.437500
0.562500
0.562500
0.500000
0.500000
0.500000
0.500000
0.500000
0.500000
0.562500
0.500000
0.500000
0.562500
0.500000
0.500000
0.500000
0.500000
0.500000
0.500000
0.500000
0.500000
0.500000
0.500000
0.500000
0.500000
0.500000
0.500000
0.562500
0.500000
0.500000
0.500000
0.500000
0.500000
0.500000
0.500000
0.500000
0.500000
0.500000
0.500000
0.500000
0.500000
0.500000
0.500000
0.500000
0.500000
0.500000
0.500000
0.500000
0.500000
0.500000
0.500000
0.562500
0.500000
0.500000
0.500000
0.500000
0.500000
0.500000
0.500000
0.500000
0.500000
0.500000
0.500000
0.500000
0.500000
0.500000
0.500000
0.500000
0.500000
0.562500
0.125000
-0.062500
0.000000
-0.125000
-0.062500
0.000000
0.000000
0.000000
0.000000
0.000000
0.000000
-0.062500
-0.062500
-0.062500
-0.062500
-0.062500
0.000000
-0.062500
-0.187500
0.000000
0.000000
0.062500
0.000000
0.000000
0.000000
-0.125000
-0.062500
0.125000
-0.062500
0.000000
0.062500
0.125000
0.000000
-0.062500
0.000000
-0.062500
-0.187500
0.062500
-0.062500
-0.187500
0.125000
-0.062500
1.000000
-0.062500
-0.125000
0.062500
0.000000
-0.062500
0.000000
-0.187500
0.062500
-0.062500
0.000000
0.000000
-0.062500
0.000000
0.062500
0.062500
-0.062500
0.062500
0.000000
0.062500
-0.062500
-0.062500
0.000000
-0.062500
0.000000
-0.062500
-0.125000
0.000000
0.062500
0.000000
-0.062500
-0.062500
0.062500
0.000000
-0.125000
-0.125000
-0.125000
-0.125000
0.000000
0.062500
0.062500
0.000000
0.000000
0.000000
0.000000
0.000000
-0.062500
0.000000
-0.062500
-0.062500
-0.062500
0.062500
0.062500
0.000000
-0.125000
0.000000
-0.062500
-0.125000
-0.062500
0.000000
0.062500
-0.062500
0.000000
0.000000
0.000000
-0.062500
-0.062500
0.000000
0.000000
0.000000
0.062500
0.000000
0.062500
0.000000
0.000000
0.000000
-0.062500
0.000000
0.062500
0.000000
0.000000
0.000000
-0.062500
-0.062500
0.000000
0.000000
0.062500
0.000000
-2.000000
0.000000
-0.062500
-0.062500
0.062500
0.062500
-0.062500
0.000000
-0.062500
-0.187500
0.062500
0.000000
-0.875000
0.000000
-0.062500
0.062500
-0.062500
0.000000
0.000000
0.062500
-0.062500
0.062500
0.062500
0.000000
0.000000
0.062500
-0.062500
0.000000
0.000000
0.000000
0.000000
0.000000
0.062500
0.062500
0.000000
0.000000
0.000000
0.062500
0.062500
0.000000
0.000000
0.000000
0.000000
0.000000
0.062500
0.000000
0.000000
0.062500
0.062500
0.062500
-0.062500
0.000000
0.062500
0.000000
0.000000
0.000000
0.000000
0.000000
0.000000
0.062500
-0.062500
0.000000
0.000000
0.000000
0.000000
0.062500
-0.062500
0.062500
0.000000
0.000000
0.000000
0.000000
0.000000
0.000000
0.000000
0.000000
0.000000
0.000000
0.000000
0.000000
0.000000
0.000000
0.000000
0.000000
0.000000
0.000000
0.000000
0.000000
0.000000
0.000000
0.000000
0.000000
0.000000
0.000000
0.000000
-0.062500
0.000000
0.000000
0.000000
0.000000
-1.625000
0.000000
0.000000
0.000000
0.000000
0.000000
0.000000
0.000000
0.000000
-0.125000
0.000000
0.000000
-0.750000
0.000000
0.000000
0.000000
0.000000
0.000000
0.000000
0.000000
0.000000
0.000000
0.000000
0.000000
0.000000
0.000000
0.000000
0.000000
0.000000
0.000000
0.000000
0.000000
0.000000
0.000000
0.000000
0.000000
0.000000
0.000000
0.000000
0.000000
0.000000
0.000000
0.000000
0.000000
0.000000
0.000000
0.000000
0.000000
0.000000
0.000000
0.000000
0.000000
0.000000
0.000000
0.000000
0.000000
0.000000
0.000000
0.000000
0.000000
0.000000
0.000000
0.000000
0.000000
0.000000
0.000000
0.000000
0.000000
0.000000
0.000000
