0.500000
0.500000
0.562500
0.500000
0.500000
0.500000
0.562500
0.562500
0.500000
0.500000
0.500000
0.500000
0.500000
0.500000
0.500000
0.500000
0.500000
0.500000
0.500000
0.500000
0.500000
0.562500
0.500000
0.500000
0.500000
0.562500
0.500000
0.562500
0.500000
0.500000
0.375000
0.562500
0.562500
0.500000
0.500000
0.500000
0.500000
0.500000
0.500000
0.562500
0.500000
0.500000
0.625000
0.500000
0.500000
0.500000
0.500000
0.500000
0.500000
0.500000
0.500000
0.500000
0.500000
0.500000
0.500000
0.500000
0.500000
0.562500
0.500000
0.500000
0.500000
0.500000
0.500000
0.500000
0.500000
0.500000
0.500000
0.500000
0.500000
0.500000
0.500000
0.500000
0.500000
0.500000
0.500000
0.500000
0.500000
0.500000
0.500000
0.500000
0.500000
0.562500
0.500000
0.500000
0.500000
0.500000
0.500000
0.500000
0.500000
0.500000
0.500000
0.500000
0.500000
0.500000
0.500000
0.500000
0.500000
0.500000
0.500000
0.562500
0.125000
-0.062500
0.000000
-0.125000
-0.062500
0.000000
0.000000
0.000000
0.000000
0.000000
0.000000
-0.062500
-0.062500
-0.062500
-0.062500
-0.062500
0.000000
-0.062500
-0.187500
0.000000
0.000000
0.062500
0.000000
0.000000
0.000000
-0.125000
-0.062500
0.125000
-0.062500
0.000000
0.250000
0.125000
0.000000
-0.062500
0.000000
-0.062500
-0.187500
0.062500
-0.062500
-0.187500
0.125000
-0.062500
1.437500
-0.062500
-0.125000
0.062500
0.000000
-0.062500
0.000000
-0.187500
0.062500
-0.062500
0.000000
0.000000
-0.062500
0.000000
0.062500
0.062500
-0.062500
0.062500
0.000000
0.062500
-0.062500
-0.062500
0.000000
-0.062500
0.000000
-0.062500
-0.125000
0.000000
0.062500
0.000000
-0.062500
-0.062500
0.062500
0.000000
-0.125000
-0.125000
-0.125000
-0.125000
0.000000
0.062500
0.062500
0.000000
0.000000
0.000000
0.000000
0.000000
-0.062500
0.000000
-0.062500
-0.062500
-0.062500
0.062500
0.062500
0.000000
-0.125000
0.000000
-0.062500
-0.125000
-0.062500
0.000000
0.062500
-0.062500
0.000000
0.000000
0.000000
-0.062500
-0.062500
0.000000
0.000000
0.000000
0.062500
0.000000
0.062500
0.000000
0.000000
0.000000
-0.062500
0.000000
0.062500
0.000000
0.000000
0.000000
-0.062500
-0.062500
0.000000
0.000000
0.062500
0.000000
-2.000000
0.000000
-0.062500
-0.062500
0.062500
0.062500
-0.062500
0.000000
-0.062500
-0.187500
0.062500
0.000000
-1.250000
0.000000
-0.062500
0.062500
-0.062500
0.000000
0.000000
0.062500
-0.062500
0.062500
0.062500
0.000000
0.000000
0.062500
-0.062500
0.000000
0.000000
0.000000
0.000000
0.000000
0.062500
0.062500
0.000000
0.000000
0.000000
0.062500
0.062500
0.000000
0.000000
0.000000
0.000000
0.000000
0.062500
0.000000
0.000000
0.062500
0.062500
0.062500
-0.062500
0.000000
0.062500
0.000000
0.000000
0.000000
0.000000
0.000000
0.000000
0.062500
-0.062500
0.000000
0.000000
0.000000
0.000000
0.062500
-0.062500
0.062500
0.000000
0.000000
0.000000
0.000000
0.000000
0.000000
0.000000
0.000000
0.000000
0.000000
0.000000
0.000000
0.000000
0.000000
0.000000
0.000000
0.000000
0.000000
0.000000
0.000000
0.000000
0.000000
0.000000
0.000000
0.000000
0.000000
0.000000
-0.062500
0.000000
0.000000
0.000000
0.000000
-1.937500
0.000000
0.000000
0.000000
0.000000
0.000000
0.000000
0.000000
0.000000
-0.125000
0.000000
0.000000
-1.000000
0.000000
0.000000
0.000000
0.000000
0.000000
0.000000
0.000000
0.000000
0.000000
0.000000
0.000000
0.000000
0.000000
0.000000
0.000000
0.000000
0.000000
0.000000
0.000000
0.000000
0.000000
0.000000
0.000000
0.000000
0.000000
0.000000
0.000000
0.000000
0.000000
0.000000
0.000000
0.000000
0.000000
0.000000
0.000000
0.000000
0.000000
0.000000
0.000000
0.000000
0.000000
0.000000
0.000000
0.000000
0.000000
0.000000
0.000000
0.000000
0.000000
0.000000
0.000000
0.000000
0.000000
0.000000
0.000000
0.000000
0.000000
