0.500000
0.500000
0.500000
0.500000
0.500000
0.625000
0.625000
0.625000
0.625000
0.625000
0.500000
0.500000
0.500000
0.500000
0.500000
0.812500
0.812500
0.812500
0.812500
0.812500
0.875000
0.875000
0.875000
0.875000
0.875000
0.500000
0.500000
0.500000
0.500000
0.500000
0.687500
0.687500
0.687500
0.687500
0.687500
0.937500
0.937500
0.937500
0.937500
0.937500
0.875000
0.875000
0.875000
0.875000
0.875000
0.250000
0.250000
0.250000
0.250000
0.250000
1.000000
1.000000
1.000000
1.000000
1.000000
0.750000
0.750000
0.750000
0.750000
0.750000
0.750000
0.750000
0.750000
0.750000
0.750000
0.812500
0.812500
0.812500
0.812500
0.812500
1.000000
1.000000
1.000000
1.000000
1.000000
0.500000
0.500000
0.500000
0.500000
0.500000
1.000000
1.000000
1.000000
1.000000
1.000000
0.625000
0.625000
0.625000
0.625000
0.625000
0.687500
0.687500
0.687500
0.687500
0.687500
1.000000
1.000000
1.000000
1.000000
1.000000
0.000000
0.000000
0.000000
0.000000
0.000000
0.000000
0.000000
0.000000
0.000000
0.000000
0.000000
0.000000
0.000000
0.000000
0.000000
0.000000
0.000000
0.000000
0.000000
0.000000
0.000000
0.000000
0.000000
0.000000
0.000000
0.000000
0.000000
0.000000
0.000000
0.000000
0.000000
0.000000
0.000000
0.000000
0.000000
0.000000
0.000000
0.000000
0.000000
0.000000
0.000000
0.000000
0.000000
0.000000
0.000000
0.000000
0.000000
0.000000
0.000000
0.000000
0.000000
0.000000
0.000000
0.000000
0.000000
0.000000
0.000000
0.000000
0.000000
0.000000
0.000000
0.000000
0.000000
0.000000
0.000000
0.000000
0.000000
0.000000
0.000000
0.000000
0.000000
0.000000
0.000000
0.000000
0.000000
0.000000
0.000000
0.000000
0.000000
0.000000
0.000000
0.000000
0.000000
0.000000
0.000000
0.000000
0.000000
0.000000
0.000000
0.000000
0.000000
0.000000
0.000000
0.000000
0.000000
0.000000
0.000000
0.000000
0.000000
0.000000
0.875000
0.875000
0.875000
0.875000
0.875000
3.687500
3.687500
3.687500
3.687500
3.687500
3.500000
3.500000
3.500000
3.500000
3.500000
3.125000
3.125000
3.125000
3.125000
3.125000
3.625000
3.625000
3.625000
3.625000
3.625000
0.312500
0.312500
0.312500
0.312500
0.312500
0.250000
0.250000
0.250000
0.250000
0.250000
0.312500
0.312500
0.312500
0.312500
0.312500
3.875000
3.875000
3.875000
3.875000
3.875000
0.125000
0.125000
0.125000
0.125000
0.125000
0.562500
0.562500
0.562500
0.562500
0.562500
1.000000
1.000000
1.000000
1.000000
1.000000
3.625000
3.625000
3.625000
3.625000
3.625000
0.562500
0.562500
0.562500
0.562500
0.562500
3.687500
3.687500
3.687500
3.687500
3.687500
3.812500
3.812500
3.812500
3.812500
3.812500
3.937500
3.937500
3.937500
3.937500
3.937500
3.437500
3.437500
3.437500
3.437500
3.437500
3.312500
3.312500
3.312500
3.312500
3.312500
1.312500
1.312500
1.312500
1.312500
1.312500
0.000000
0.000000
0.000000
0.000000
0.000000
0.000000
0.000000
0.000000
0.000000
0.000000
0.000000
0.000000
0.000000
0.000000
0.000000
0.000000
0.000000
0.000000
0.000000
0.000000
0.000000
0.000000
0.000000
0.000000
0.000000
0.000000
0.000000
0.000000
0.000000
0.000000
0.000000
0.000000
0.000000
0.000000
0.000000
0.000000
0.000000
0.000000
0.000000
0.000000
0.000000
0.000000
0.000000
0.000000
0.000000
0.000000
0.000000
0.000000
0.000000
0.000000
0.000000
0.000000
0.000000
0.000000
0.000000
0.000000
0.000000
0.000000
0.000000
0.000000
0.000000
0.000000
0.000000
0.000000
0.000000
0.000000
0.000000
0.000000
0.000000
0.000000
0.000000
0.000000
0.000000
0.000000
0.000000
0.000000
0.000000
0.000000
0.000000
0.000000
0.000000
0.000000
0.000000
0.000000
0.000000
0.000000
0.000000
0.000000
0.000000
0.000000
0.000000
0.000000
0.000000
0.000000
0.000000
0.000000
0.000000
0.000000
0.000000
0.000000
